<?xml version="1.0"?>
<opencv_storage>
<t_p2i_left type_id="opencv-matrix">
  <rows>3</rows>
  <cols>3</cols>
  <dt>d</dt>
  <data>
    0.32885091780376874 -0.12384273321165833 968.99999999999977
    0.0039443226120857182 0.33831656366601343 605.
    5.0763482781025918e-06 5.1100968539127753e-05 1.</data></t_p2i_left>
<t_i2ii_left type_id="opencv-matrix">
  <rows>3</rows>
  <cols>3</cols>
  <dt>d</dt>
  <data>
    0.3468736564064564 -0.82016839243248163 634.81689605803831
    0.0017733981764603115 -0.16800751222393889 396.32966486436817
    2.282365735470198e-06 -0.0008467576878593416 0.99999999999999989</data></t_i2ii_left>
<t_p2pi_left type_id="opencv-matrix">
  <rows>3</rows>
  <cols>3</cols>
  <dt>d</dt>
  <data>
    0.3448834334851264 1.1102230246251565e-16 9.0949470177292824e-13
    0.00041196701525233938 0.34405949945462228 2.2737367544323206e-13
    7.1522051259091837e-07 -0.00025323561074331149 0.48992321124276872</data></t_p2pi_left>
<t_p2i_right type_id="opencv-matrix">
  <rows>3</rows>
  <cols>3</cols>
  <dt>d</dt>
  <data>
    0.31630218486029882 0.3291726047144008 1100.9999999999995
    -0.0039443226120858509 0.35815966250047826 606.99999999999989
    -5.0763482781027824e-06 8.1107816745931867e-05 0.99999999999999989</data></t_p2i_right>
<t_i2ii_right type_id="opencv-matrix">
  <rows>3</rows>
  <cols>3</cols>
  <dt>d</dt>
  <data>
    0.28896748110395865 -1.3362424802002035 1043.0237302054566
    -0.0018878646655398816 -0.25695584429561402 429.51186578628705
    -2.4296842542341081e-06 -0.00090627222682926453 1.</data></t_i2ii_right>
<t_p2pi_right type_id="opencv-matrix">
  <rows>3</rows>
  <cols>3</cols>
  <dt>d</dt>
  <data>
    0.29196328178942926 -0.31050878832259088 178.85306207381376
    -0.0004336986393807681 0.2919632817894291 0.4996208325671887
    -7.5294902670276861e-07 -0.00026953887875224935 0.44808507322948599</data></t_p2pi_right>
</opencv_storage>
