<?xml version="1.0"?>
<opencv_storage>
<t_p2i_left type_id="opencv-matrix">
  <rows>3</rows>
  <cols>3</cols>
  <dt>d</dt>
  <data>
    3.2885091780376868e-01 -1.2384273321165845e-01 969.
    3.9443226120857398e-03 3.3831656366601331e-01 605.
    5.0763482781026638e-06 5.1100968539127652e-05 1.</data></t_p2i_left>
<t_i2ii_left type_id="opencv-matrix">
  <rows>3</rows>
  <cols>3</cols>
  <dt>d</dt>
  <data>
    3.4687365640645762e-01 -8.2016839243248119e-01
    6.3481689605803740e+02 1.7733981764606953e-03
    -1.6800751222393839e-01 3.9632966486436789e+02
    2.2823657354706745e-06 -8.4675768785934138e-04 1.</data></t_i2ii_left>
<t_p2pi_left type_id="opencv-matrix">
  <rows>3</rows>
  <cols>3</cols>
  <dt>d</dt>
  <data>
    3.4488343348512718e-01 3.9351260988623372e-16 6.8212102632969618e-13
    4.1196701525243962e-04 3.4405949945462261e-01 4.5474735088646412e-13
    7.1522051259109646e-07 -2.5323561074331149e-04
    4.8992321124276939e-01</data></t_p2pi_left>
<t_p2i_right type_id="opencv-matrix">
  <rows>3</rows>
  <cols>3</cols>
  <dt>d</dt>
  <data>
    3.1630218486029898e-01 3.2917260471440035e-01 1101.
    -3.9443226120857589e-03 3.5815966250047776e-01 607.
    -5.0763482781026638e-06 8.1107816745931650e-05 1.</data></t_p2i_right>
<t_i2ii_right type_id="opencv-matrix">
  <rows>3</rows>
  <cols>3</cols>
  <dt>d</dt>
  <data>
    2.8896748110395670e-01 -1.3362424802002031e+00
    1.0430237302054572e+03 -1.8878646655405148e-03
    -2.5695584429561436e-01 4.2951186578628750e+02
    -2.4296842542349755e-06 -9.0627222682926421e-04 1.</data></t_i2ii_right>
<t_p2pi_right type_id="opencv-matrix">
  <rows>3</rows>
  <cols>3</cols>
  <dt>d</dt>
  <data>
    2.9196328178942832e-01 -3.1050878832259088e-01
    1.7885306207381029e+02 -4.3369863938087918e-04
    2.9196328178942854e-01 4.9962083256673395e-01
    -7.5294902670304083e-07 -2.6953887875224902e-04
    4.4808507322948554e-01</data></t_p2pi_right>
</opencv_storage>
